100003096086829
592986430
1062732919
1074901030
1199736581
1310112587
1414415062
1464225310
1471562174
1531264955
1677331149
1806323710
100000004531576
100000031644595
100000094273878
100000162008958
100000180783420
100000212041908
100000236320953
100000329304335
100000332770676
100000350771192
100000355758438
100000390176949
100000407027643
100000463392915
100000472990196
100000483487040
100000524947865
100000557697511
100000582670037
100000595736549
100000605953135
100000613044351
100000630288200
100000636492267
100000640832291
100000714249202
100000819345762
100000866564938
100000898607856
100000908650464
100000957984226
100000958320259
100000983202681
100000995600900
100001005838284
100001033684570
100001035482051
100001064861052
100001066837584
100001081480209
100001167120204
100001238603124
100001240424656
100001292042968
100001292423435
100001297885794
100001318465348
100001321711069
100001325999098
100001350436806
100001418988542
100001438683456
100001449052945
100001456313318
100001463236178
100001464276709
100001484118201
100001501643045
100001516761743
100001523706430
100001547052803
100001600197603
100001601609042
100001633702750
100001645586181
100001652812791
100001658869146
100001666813041
100001666964124
100001689706193
100001774068762
100001792973167
100001795936988
100001799192942
100001810118687
100001812161360
100001898601781
100001903243068
100001913574241
100001959968578
100001979151245
100001997142569
100001999472235
100002030057728
100002068396866
100002072970537
100002090031279
100002093027196
100002098929545
100002110766416
100002121809136
100002126968020
100002133523513
100002133578638
100002136787887
100002158491617
100002170227525
100002173989805
100002175007759
100002177401916
100002185256129
100002208338819
100002215210169
100002243477686
100002285260372
100002286550422
100002293469123
100002302126681
100002323164927
100002325628179
100002334738447
100002337363483
100002338920187
100002340504182
100002340975160
100002357665271
100002369254914
100002397702350
100002404506441
100002419598813
100002425149126
100002453924332
100002457765517
100002462599737
100002471324098
100002472544072
100002495115322
100002508131496
100002529141296
100002540577584
100002570655371
100002586916018
100002600692022
100002625092082
100002638129191
100002665720690
100002667185569
100002667193604
100002670979845
100002671736711
100002682645419
100002695307818
100002706225170
100002709903021
100002818572339
100002828584748
100002832885958
100002859206631
100002860166161
100002860806133
100002869383790
100002869786399
100002896410185
100002908449684
100002923748674
100002927453165
100002938163452
100002945844658
100002946529972
100002960942374
100002965907472
100002998721293
100003008894860
100003016581546
100003023780230
100003026364577
100003060387951
100003072060544
100003083481194
100003084897896
100003102386300
100003106572824
100003110080175
100003118497389
100003122081376
100003140291082
100003145811098
100003152377611
100003158586387
100003158925468
100003168301109
100003171150956
100003171161829
100003171545940
100003172587158
100003173734875
100003189576296
100003217466864
100003221734235
100003233125363
100003241358190
100003258130081
100003268447848
100003278579317
100003285026214
100003287267343
100003292035591
100003305791347
100003321224209
100003329889826
100003331425382
100003335427667
100003336653885
100003340526136
100003369875200
100003387562769
100003391163097
100003442827736
100003472438627
100003487007843
100003489676767
100003492298268
100003495889997
100003497250123
100003499839139
100003512930597
100003522215861
100003525645086
100003525849782
100003526674390
100003530840437
100003539228688
100003552924251
100003555640499
100003564347185
100003569420586
100003571675101
100003573295513
100003583003728
100003592620494
100003593411179
100003612851239
100003622310854
100003623875506
100003663191938
100003666367676
100003672455569
100003733436255
100003779032002
100003810584466
100003822887823
100003856474400
100003881735960
100003943870511
100003960324306
100004000865199
100004002146992
100004015415937
100004044995328
100004047850550
100004055958965
100004073471086
100004121400110
100004127893170
100004137640081
100004148262593
100004195866182
100004208228013
100004244983698
100004308512678
100004346045828
100004375064202
100004444293070
100004446696708
100004454619428
100004475282438
100004515937188
100004537807531
100004676283113
100004864511493
100004998785365
100005021070882
100005026894919
100005167325594
100005189165428
100005248081177
100005336111367
100005400845345
100005675794204
100005717703537
