100003663191938
1221237690
1310193907
1426338573
1471562174
1514357579
1656771864
1680537362
1681101517
1766034236
100000138315544
100000374533377
100000454887285
100000521444930
100000613332098
100000650133174
100000850601359
100000902108414
100000905828286
100000914452065
100000943355284
100001091760614
100001326494615
100001429738700
100001440306971
100001463575228
100001508143432
100001601609042
100001637733796
100001777802870
100001799192942
100001823733217
100001856455414
100001900097091
100001909323860
100001962917491
100002013268151
100002068396866
100002088199879
100002093027196
100002109610278
100002113861126
100002119881974
100002130508608
100002133969713
100002141289416
100002141893651
100002145820018
100002159553954
100002164083989
100002172163821
100002215210169
100002217556640
100002242210502
100002308240531
100002338846211
100002338920187
100002342726540
100002346073634
100002350659305
100002377420137
100002422536340
100002439031995
100002454120018
100002466736436
100002474877060
100002512064041
100002567765731
100002596053743
100002616820282
100002653589182
100002719590828
100002747177970
100002863166553
100002907076197
100002926846441
100002932274102
100002943763070
100002978923032
100003016152076
100003023780230
100003096086829
100003118497389
100003122081376
100003145811098
100003171150956
100003185152504
100003189576296
100003213746006
100003224395918
100003257116079
100003270422483
100003314903114
100003329963294
100003349043294
100003366389259
100003392105170
100003643313445
100003669242606
100003724484468
100003729506232
100003750886326
100003769650936
100003915995961
100003991705825
100004090040181
100004340011426
100004444293070
100004656340754
100004688136358
100004750418879
100004785932319
100005003702708
100005010420340
100005026894919
100005125926982
100005325644016
100005336111367
100005354850569
